72772591
100668557
91855171
91849689
97443584
98733133
101997784
100743647
100884730
97346937
97346975
97347019
97347073
97347150
21104653
102367613
103049559
18410070
76841385
93156071
6313528
71446592
30900285
101862606
15976370
84504285
73821073
94615251
91815422
104251337
19830957
84876678
102321326
87769050
103275040
91814812
90716145
102082184
103171203
73563357
6292364
74596001
92612349
92613054
92613014
92612915
62057285
62057299
95281080
77453716
94406548
101357523
94550011
102079898
36575643
84390384
102082630
103917086
73665031
103916868
30010903
37290443
103414038
46089137
74198860
101737300
103802239
90044782
96582138
102769396
102668660
4368326
92760797
78062738
78061780
24530837
94552706
91997950
34438029
102045062
103821179
64458291
93033789
4910918
36569722
35375169
18327821
60641696
102866303
100931679
81781871
4586335
102660405
95459045
6642226
6642227
103918689
99052975
42659614
103923144
77192312
77192270
77192183
77191761
6314050
102081312
6311657
98283315
41836071
8895322
102080527
102081013
102081773
23757453
13347392
36379294
6272726
78126726
61239765
77812773
41954743
64123070
24681897
77541655
68933378
98899391
57786089
99650621
103122128
92139662
72251942
103379552
103813213
94158094
102074468
6684217
4946413
95998718
6647916
24956945
6313402
102043891
92102449
102090732
102088315
102080346
103927808