7765498190
5334398194
9235948990
5553768562
8949803660
5884828046
8294205297
7155437198
6974248547
2073294703
1352206580
8078231890
8332857968
9206870591
9520667258
5146217984
1627350576
5222096264
4559105360
6874173574
1975448746
5745345733
8524435139
9559060807
1074008917
3182784860
7269709027
2723645374
6574551066
4023250649
5466888948
8998030603
5864063300
4574328301
9451085452
4946469015
2808190999
5681848564
9776413991
4647541597
2490939688
7420110398
5891443221
3489388529
2485315607
5621688772
6990320727
1119737319
8158662772
2967130154
8025075956
8165148386
5291585391
3391001631
1624039678
3694056086
5105009084
6026707709
8057376356
7721943007
6258989721
4628479111
4317135591
2152244617
9803009925
2688088925
3305931141
2880764054
6014342674
9844518611
7301885539
9292593611
6572532939
1245681927
6610650342
1456639337
7551972252
1827167631
8573721262
1454389515
9038414847
5355280207
9470338964
6249327495
6671936462
1565389219
6054260684
7698674037
4878892084
5283789972
6221441619
5632313707
