6574551066
5864063300
4023250649
4946469015
9776413991
4647541597
2490939688
7420110398
5891443221
3489388529
2485315607
5621688772
6990320727
1119737319
4665347246
8502346413
1239715505
9235948990
5553768562
8949803660
5884828046
8294205297
7155437198
6974248547
2073294703
1352206580
8078231890
8332857968
9206870591
9520667258
5146217984
1627350576
5222096264
4559105360
6874173574
1975448746
5745345733
5466888948
8524435139
9559060807
8998030603
1074008917
3182784860
7269709027
2723645374
4574328301
9451085452
2808190999
5681848564
8950036303
8108484850
8502346413
8950036303
8108484850
6431892146
6844287548
9091778841
2463072747
3764749097
5006481284
3670629200
2500189591
1466084058
7888335235
5420342521
4464909813
1224052819
1111549450
6683007788
6993775376
7596110941
5795661733
4370030517
2480970117
8276491384
3916341105
3369213644
1335043068
3296035339
4147290625
8813120627
4170047962
1915328680
8256914441
7152671976
3205489244
8884250544
8074325207
9096762686
6436203598
3294736890
1981654437
7366131709
1290176199
8750943656
6851692388
9304663595
5442367886
6520963899
2901291437
2621940019
3540724941
6369108039
1386462694
4460399766
6382114258
5221690562
7500855256
2614641100
1290176199
8750943656
6851692388
9304663595
5442367886
6520963899
2901291437
2621940019
3540724941
6369108039
1386462694
4460399766
6382114258
5221690562
7500855256
2614641100
1718530296
1424591448
9425293368
7558079596
4964435439
3389624698
9168670917
1462368401
2431561997
7234669884
7708265348
1630774964
9326359856
4510885043
4046203752
2770052795
9659494207
8923148152
9552828647
8793677970
6279321343
2742413752
1550843411
4501666354
3932503125
5714984023
5592022152
2627783501
7446385745
3199395152
4431938911
3741779923
4697979594
3291274682
2740745535
8964931088
7532931525
9338782574
8158662772
2967130154
8025075956
8165148386
7765498190
1253889664
7811167013
5291585391
3391001631
1624039678
3694056086
5105009084
8652210625
5628754100
6026707709
8057376356
7721943007
6258989721
4628479111
4317135591
2835644684
2835644684
2152244617
7995437701
9803009925
2688088925
7210745545
7210745545
5060616956
3305931141
4462905866
3305931141
4462905866
2880764054
6014342674
9844518611
7301885539
3211200321
9292593611
6572532939
4147614046
2394659809
3307325103
7429011329
5356188082
3285805688
3553002017
2375899948
6468071807
5072625460
3489539839
3886019101
2841229044
6497362043
1992202774
1265831968
6800369213
5982272078
5012087388
8559654915
3662793117
7398082194
4545732207
2111144472
9094236713
3768728596
7579447691
4729620833
4152672598
6018483896
4817845233
2339322144
2828010988
1601195335
6696438619
1506627176
9941835921
8945827933
9809900298
4822550093
7222930895
8980577698
9926837111
5041330339
9022473176
3770980309
9729576280
7747642417
4231357717
6891246303
4748487558
7485681486
9524120954
5899542198
2315939699
8080517646
6949390807
7232328321
4070532835
1597292429
7242858696
7447653923
3161605895
4951290194
8724666413
6537170360
2702655549
9320421794
4529306335
3633903858
6468106798
8007292056
2823129282
4442060735
7277065629
9051940258
6372300717
8991284919
7601816345
4608121015
9311378060
8352418835
9207447466
9287228652
1335555629
6200604062
5264155346
5151121439
9502071001
6558996182
7614964419
7475222984
3232024646
5818734927
8515059462
2283690366
7622286978
2386901282
3935625821
7159822409
2220711441
2004690749
7482002711
3826601684
4042575091
5334715952
2440729609
1093876191
7217966913
4547901644
7351623711
6970108268
4315679211
4929558942
3446690149
5365338680
4440693252
1583897527
1688229098
8912435248
1108439033
6540943705
9001755715
6631172990
5714462935
4435328293
5196448864
3931441096
9295059052
4902320876
9099755821
5660340495
4538835213
4971195298
8437601862
2685016343
1395799588
1949719070
7377117905
7109438323
1245681927
3844691043
2721371907
8766989347
3126588496
2820834066
4648605507
7412967519
8662246396
1108738819
9990304962
1093468593
2000828507
2447173611
6610650342
1456639337
1794842643
7579124260
5379683064
4914966782
3028355747
1093410905
4073310356
2972888521
4498018778
4599638080
9799778464
7557216162
9590597078
6537424752
9516746380
9840259174
5041126066
9921208300
6911405799
1209146678
8561243690
7354497693
8625260994
5467828970
1671259446
9323038545
7551972252
1827167631
8573721262
1454389515
7989721884
2238137862
3742797486
3833769146
7247856721
6905006243
6359776803
5865322023
9821832199
2036408596
3413518756
3140250084
9680003603
6992251843
3995136860
6356546290
8125961390
9106746437
2799509464
5931000923
8560939174
3457182694
3473526290
4645487531
3661718799
3533780652
2036266741
7725980199
7387894160
9470338964
1840091574
5805032670
8929921248
1427871127
5805032670
8929921248
1427871127
6400765354
7460317796
3735982768
4318178695
6250316698
3888907268
5396007745
8793504896
1719605547
9023368752
5544015548
3202745756
4991074866
9038414847
5355280207
1175897739
7886876954
9566605601
3997365876
7246289695
9193780200
9002203029
9319147933
8935993591
3282456960
7097126246
1249076044
9188898494
3936568682
1447975774
9395297629
6063987219
9546901931
2336020701
5323950095
9017024993
5188323403
3381906825
5018101095
2472472044
1673288919
8161430833
3785554497
6928059584
6858111792
6363988007
1406894544
2050453194
7128468652
5614977131
4591270521
4664271980
8449982025
3908800078
4559940409
6245081300
8638575511
1939424172
4499768323
5736300103
7443007694
4816842788
9006471921
9125012642
6208622654
7554579548
8116234860
6803152407
8699785976
3055482219
7909835725
4857547629
6596753272
2963566750
7483712535
3544465176
6249327495
5334398194
6671936462
2205913117
7426830541
6816831019
9937981243
9710934629
8836403762
5547153382
8112366945
9895143847
7631722229
5792324346
7988027188
8842784403
4507423768
3356416413
5820506221
7621958817
4507423768
3356416413
5820506221
7621958817
4329560200
1033176401
3818243580
6062232944
7302137092
7217827892
8837466729
9788784694
4363084337
2215396601
1920053388
4576806031
2257798029
2320836533
1007754080
5064964337
1565389219
2776297244
9412399676
3372807294
6728804266
8750040496
6875444586
2221995695
23342626396054260684
7698674037
4878892084
5283789972
6221441619
5632313707
8398845156
9433906792
5681081591
1860233098
7495717252
5458528000
5213346633
3748047064
9346788862
9173547878
6138216192
6107605758
6353200396
3473941447
8671782833
3818136711
7612845096
7922549717
2066599133
6602095529
5510801595
4432830690
4793003564
4842752139
3254184292
5899651891

6054260684
2770237190
1336750986
2334262639

3168250378
9339400103
4723047260
1652482556
7516109391
5924121891
2684749647
1345089227
3618368827
7375107337
6187781300
7013920672
6629740245
8686727737
6381764333
4805612588
4416385903
1663261650
9230908395
8904872472
8547317297
6459046978
5531545535
4381150994
1411027249
4398956643
8458548174
9798044042
9296749956
2302703666
4413778607
1238434070
3637210964
9587776992
5003060668
7540789337
5088266392
8726723303
9785391515
1681501376
9368418923
8055336470
1552053891
1202623229
1257831333
9255444595
6552410315
7932633721
6577668084
1046373646
4173125254
6820856860
5416389476
1149019033
9182266290
4642852803
3695260898
1333851468
6425533244
5060355933
8026317650
1732806574
7825507605
3302873682
9102684647
4556857419
6030882021
2386883305
8454291576
7086414290
6017840811
6413919096
7558889099
7139888925
4193630878
9443118860
3438370813
6411478243
8568964382
8343616246
6573623323
2897811242
3484782011
9081613494
2925273439
1674816219
9814375344
7537593815
6768219170
7839091647
8513497156
1062717242
1462414723
8585920792
7272838339
8145117493
5389858794
6698059541
3607532045
6911781235
9129499039
8370336068
7586186744
7322009091
6282867703
6212837635
9722036201
3079176739
9018210895
5504708446
4536127664
7840389148
7625240392
2278743398
1805324780
9225753382
5193636342
5594053501
1971160929
7518833954
5618061054
6723494156
8556147303
5119337382
3867453100
2494293131
2641085709
7289169641
2074750125
5658305339
5138121831
7574029764
5417121448
7666734893
1144998860
8124801009
1636694086
6763974866
4308398254
8694214848
4691552596
2201226219
7282118498
7790593288
1868079574
1030455615
7759263176
9811852215
8547362691
4724073345
1922261593
8455058539
7157199027
9298142027
6170199782
6034679954
6087977743
2116680594
9671709803
5035170037
4737433256
2564983298
9263793239
9776041374
7567379598
3046608705
9274841858
5722310349
3351172498
2601737948
1985559219
9108074194
1223990386
1612203280
5070497625
7602094372
9579771637
6593740264
9687062305
5202468239
9844928090
9214893903
3377102660
4405183135
4883423880
4516306727
9542097766
6637757894
4284886248
9072711615
1228518400
3176775868
9640085578
4387755766
4696045619
1562372429
5635772133
4420983899
5453345560
7004994205
3422452782
6973664093
5156410733
1510230286
8575910552
3343991794
4912467288
8975219350
1447936048
8923607745
1097832993
9858417562
2187253494
4400054601
9134853595
2986496198
8312711699
5357233072
3271485882
8814040776
2873108599
7744418515
1579953947
4613328033
8165069882
4059585397
3720366409
7284890346
3993694660
8634585594
9236390621
6418648544
3882700629
3669957735
2157845991
4100962631
1007451450
5575482780
9597801417
3910576097
9695931084
2035060966
1332214460
4024058266
6892834125
6900769498
8497733274
1190244009
3187624944
8745014096
9005500680
2961522139
1997788072
4113602864
5714128148
7631008219
8942227642
3742617796
7136057892
6118849190
8869049337
5601046956
6643159735
3963662049
3900859970
2090493201
1260804615
7884573221
5253172917
3224603725
7879337823
6216164609
5726733390
8273010246
2338964660
8933266184
9646889893
8326449890
8932593791
9091413788
4217451182
2256600766
6026851445
8385384054
7527207186
6911877696
7811088509
8189326154
8860523847
1395948054
1391101339
9427980086
6570394701
9246873711
5956998223
7213280958
1103623517
2414984795
7966819848
7847571743
3453406505
6451853980
2879653792
1295200688
9406378395
2270974468
5578997003
9488565443
6198017562
9114053858
4591868197
5932649272
7144854798
2750559999
1731523258
4254477248
8511058194
6320378913
3347094637
5373977645
4060895192
7047492094
3470587046
7315266246
6961543995
1754986088
2364113674
5633271701
1709282274
8927050095
4914624431
9751172288
1467378705
1394200400
2185318591
2162962231
4537365586
8569046658
6565062842
9563734448
1797506674
2965565009
4580145294
3416567688
7789602194
6512425152
2191179097
8271770433
8905742517
9668643842
3401439317
1156707578
3785313337
6181861215
7465441595
4758775825
5622175797
1295387937
8526550660
4989312074
5037327180
1244660562
3666867186
2850598090
3614677758
5410411703
9696118333
4348607548
1520925213
3074578743
8511740990
5640524278
9672476766
4154141262
1890141821
3027400582
5991723400
2936252076
9046392770
8712503750
8207578174
3914466709
5581413268
1640915693
4481262849
9062865927
5066818850
5033448862
5337387547
7345251572
8457394419
4357758146
1963862958
2306902576
1837658280
2806946446
7688149335
7045699046
3035714235
7198446700
2514422366
3281343864
9165075346
9086484797
6239676615
8639160893
1556441941
6068204091
3310504539
8925884046
1624561694
1893090515
5587687045
2378678407
3992008476
1255310095
2052241507
5099812449
9097416149
2627008011
1044241091
5557701719
7933933113
3921507449
8158608856
8524064413
8791661719
3334972648
5316069566
5532232113
6679466123
5366383670
2608283141
9294547419
9444052266
4232544562
6745864701
9608909615
4749096580
2585396243
8904471495
4013009647
1165269950
6625861927
8842247239
4418355797
2274795098
8892526352
1000943139
2130252342
2532532531
6394604109
2074466415
1488945405
8835936580
8058897978
6115910899
1325338272
2190601274
5846144156
4194691954
8991266942
9765864691
9761383962
3504261550
5277225864
8913784754
3247406456
1622803637
6012959105
1903394868
4344727339
5259220672
8042519391
5106697149
4896606945
6640422878
3218305360
4714922747
5964637592
2313575439
1868161850
4222826544
3899844288
8727619827
8222293274
1328852495
5830662093
4014658949
3433005854
3949958849
3950748509
2228417000
5877357001
8940763698
5947197929
6395099656
2206319762
1422700976
5874916148
8849921599
9774083774
1075180629
4858933074
7445832495
1433184066
6603008129
8992776280
5331196046
4986116552
9805202049
4016215572
6892313990
9225011007
7823963276
3730070242
8514264119
5466115354
8938546976
4885027788
9858004291
5350722870
6117786223
2682757056
8471743533
4662120505
7201181666
2137988172
5919287470
7363149900
7888934792
8164703896
8457499392
1751673299
5971441907
1515807082
4889779933
5751411445
4158315584
8824275147
7465087903
7809589574
7744618058
8133231929
8371538999
8353875205
4722611292
8569330368
3820015817
7093960980
8023889091
7444051741
4518252033
1997703905
6408648707
1866747082
7121116770
1036445682
7818020494
3966018735
5743334217
4318562643
2089123827
1804086858
4693109219
2033208339
6360633601
2570041850
9888001911
9876776446
3514166817
7434158768
5014181160
5864350782
3267652958
9641488052
9469980537
7347891968
8633948192
6656400488
5151740864
4492782427
9191558743
3962564091
1597959139
1319843752
7866849848
1587582913
6780306168
9371509472
1359074246
4119179660
9563086643
5045912249
6515550692
4899767476
3485337137
7482398005
5263972817
1336800162
6132797327
3421957235
5747814946
4005886631
4051319029
2738236576
5373056533
7578664642
7797091196
1646340231
5357656746
4655116647
8072399744
5123123021
4750262629
2064020207
6418907666
9966380623
7171325901
2006064843
8000329800
1122866631
7669329895
3984319931
4068982823
4651933419
5197232841
7115268558
4947877152
3102842894
6228473847
8384238811
9246094454
5359390215
2908824870
5224129509
7991144211
4331840278
2343821778
4959102617
3299879594
2125796201
6060019999
1542409637
7204247627
4524737647
7920277198
6349938674
1269046395
5800288084
8691208466
2339517895
1026435442
3579422043
6265711750
3145575317
9306537956
7993455503
8820738227
2988606056
9692710974
6225290619
3778356764
9411977888
8098895435
2522522291
5970156700
9465452523
9461903309
2955248362
1642165909
5526205164
9982582364
1381278348
4958524794
6419886466
4289284701
9249289976
1033439300
7526026952
4351225247
2273390733
5299972798
7719302601
2110974237
1023546327
3007390505
3843328280
8051634998
8839109405
9197147833
4797664921
3832952054
7776231880
4323456643
2272376942
5677809466
5450456445
5093137695
3239931639
3723997899
2467986580
6836717203
8744541246
9487868462
8001144048
4489163231
7849233339
4067520770
8959206749
7910737917
6572940527
4764872756
6582833500
1268386296
5508199972
8303974372
4933149758
9117802615
6869026115
9319108207
2312892643
1375948380
8377553654
3573514252
9960674266
9662760639
9806770966
2062074901
7544492700
4809657349
1235193154
3215889095
7275032364
1656599190
2016500648
5387183407
5042940858
9885090099
1432972229
4290121646
2020533115
5052704270
6925920403
7807786123
5853680443
4605026674
5468486225
8907288737
6698803807
3438076700
5523682035
7395164699
9181807625
1797048009
7641949974
8342143790
5934582284
9102462407
9140572246
2312267535
8625753697
5058706631
9592424164
6331886197
6871691099
4298965837
3679945278
7566295825
7042456239
3301672642
1905506617
6942393560
6570723805
7097039235
1271133556
6310449058
1834946011
9006432195
2043078615
5564245021
4948066292
4063535588
7884207235
6397966074
3108668409
1653675084
4204833646
3372091393
5944781664
7321503141
2370860301
7049472391
8818887491
8527105786
2604320656
5767142227
1493863993
9401648947
2178563452
3073965929
1131969944
3409152450
4379997239
9144664292
4978878160
2624826280
5357728619
4322926105
8902018348
9954106376
6971636511
8556796999
6104946447
7649013411
1171389578
2612268323
3710886707
7684694691
7886613097
4419015896
2826390994
2246070391
7807362449
6494279996
3543140243
9356888942
4317703001
2631665586
1248022527
3492684284
9529953080
7671429350
3452781397
2301054364
6793785237
4908235278
7326750833
6285168592
8035634691
9283710637
3820406391
1200856660
5207162696
2632609395
6181815821
5814190827
8484256096
8331508442
4908671246
5136330674
2665660682
1296662741
9626478839
9075578033
1161001058
7077183307
8375443796
7268217646
4575053642
1404496241
4893719721
1875710431
5754738419
3522410488
2972630337
9151197191
9243324497
2608424996
5765421052
9425138256
2958964019
8114897633
2021890195
9708807742
1173606300
5197528845
9411295092
2152528317
9329638582
9919239344
1931484064
7893641543
9047054760
6165496813
3763429827
5124492395
7844647637
7218033103
1282159478
6590534339
6090455478
2907257844
4547755997
7183684315
6496944980
4518689892
3229580001
4469484149
8462206143
2462551639
1001426392
9189496170
8782299284
8354183503
2435490419
9603415095
5107807401
1562668433
9072653927
3166742931
8576076995
8395065190
4656085044
5135092752
4610640352
9534976641
8189243878
5656396915
6928916382
1299469580
2637667947
6363037572
3213941898
6946354154
1008747060
6528131346
6301498003
5461834168
3989353895
7852710680
9681732337
4459883398
1246735429
9598118227
5137437144
6742254017
1968224529
3375344603
6287619848
7804966990
8311850166
8390522991
5202326384
7677335250
4828357631
2462467472
2687992454
6373438386
3651372829
5465041984
1787790547
8148713992
2051838639
8752075642
4781934139
3440540250
9431716549
6822448474
5422486407
9817217174
7729135995
7283179574
9895807723
9658078476
4308032268
8037826825
6271288546
1152722396
4918634201
2485767641
3878773135
1692397737
9466419029
2421386242
9207842760
4977025533
1641458525
6003267566
4547766400
1625386345
9591091672
7098147596
1008629793
9304226664
6381976170
5869386637
4277339558
8256218388
1361350547
9579158823
9210709178
4670140045
3727253000
8882043262
9072736203
9342502946
5409387509
1925411721
6867588650
6647794613
6855030693
1098318137
8404203494
9928566788
6299186711
3675333097
5215048893
5026007145
3089729811
2568697064
8404684856
2876563243
5883476629
6678061758
7923567290
7864585841
7469334098
7244351948
3818366515
4292893494
7100742598
1638688568
6684442399
9197314276
1218921431
3861724046
3529698056
5834340868
2058951252
2131599019
7923203195
1422042768
2114772170
3079014078
4825258570
7009394549
7850814550
5352375954
2690435198
5180938421
1664783282
8342026523
6525315995
5607049317
3154797788
6220079809
1889600880
9448179303
9464652460
9324851446
7931539545
8717115931
4892140401
6386894758
8459718005
5013015111
7117168470
1571913601
8572091813
1933501243
1029525991
2238100027
7940017750
2639625547
1149929742
2883534001
8202862911
5288654654
7538409954
2559879352
6797795007
6234371235
2321442721
5186044258
6404558552
3975572201
7771658472
3594104043
9271294535
6853969617
3782697529
9494779641
1583846450
1825124911
1058604390
6535609945
6904296015
3181741741
3020515882
8734508309
3886899539
5344570142
6566905066
2767800119
1393778617
3409000192
5012402297
7767613711
7176162213
6134980949
7421425856
8607100700
8951649656
8342923047
9464428329
3212907301
2153519411
9999976633
3699319844
5716758141
4749333005
3775870517
5407725913
3075240733
1010718845
1570581109
9257498656
4195849491
1333205554
9078302596
3142593523
4070623613
4293966864
9894571692
9659248307
5069072454
7674861297
3231218900
2870174090
2520071035
3758689976
7121920615
7966254319
5627213543
7540001568
7103018899
7535485848
7157649180
4621536713
9736907341
2787326943
7028944070
5715861617
8911345792
9243643198
2320062944
7804308782
9791218921
8102127839
9753674611
8231044786
5630715472
1027887092
6028691778
4101470472
9193069972
4314131090
4019943523
5574316731
6966072009
1899506147
7385002201
5071030054
