7765498190
2490939688
9776413991
5222096264
6249327495
9235948990
5553768562
8949803660
5884828046
8294205297
7155437198
6974248547
2073294703
1352206580
8078231890
8332857968
9206870591
9520667258
5146217984
1627350576
4559105360
6874173574
1975448746
5745345733
5466888948
8524435139
9559060807
8998030603
1074008917
3182784860
7269709027
2723645374
6574551066
5864063300
4023250649
4574328301
9451085452
4946469015
2808190999
5681848564
4647541597
7420110398
5891443221
3489388529
2485315607
5621688772
6990320727
1119737319
8158662772
2967130154
8025075956
8165148386
5291585391
3391001631
1624039678
3694056086
5105009084
6026707709
8057376356
7721943007
6258989721
4628479111
4317135591
2152244617
9803009925
2688088925
3305931141
2880764054
6014342674
9844518611
7301885539
9292593611
6572532939
1245681927
6610650342
1456639337
7551972252
1827167631
8573721262
1454389515
9038414847
5355280207
9470338964
5334398194
6671936462
1565389219
6054260684
7698674037
4878892084
5283789972
6221441619
5632313707
3168250378
1036453246
1056062346
1068821737
1079232954
1080341315
1083006299
1126493391
1130680007
1159922958
1160276650
1163955425
1182456164
1232829847
1246660717
1247639517
1283108960
1289382737
1305171207
1339425425
1387652368
1387876499
1400222619
1438250182
1443356019
1454310068
1458437105
1461291229
1523279060
1524469697
1596198243
1605914370
1623354033
1644166064
1679481358
1744724290
1752141419
1768059450
1800639778
1832405858
1846649999
1851673560
1859880349
1869950168
1954000246
2008359111
2067836107
2172038117
2233801817
2234686047
2251253774
2280613992
2310942607
2364180817
2366362548
2382728841
2406571842
2443762460
2468866080
2498557293
2557939719
2580084242
2655785676
2667023435
2700734821
2713305072
2721075893
2724954211
2736592947
2837552150
2844085049
2948015643
3002327223
3084561556
3106623803
3134038715
3154992601
3193904394
3244101231
3262260572
3296113813
3337065482
3345237280
3378477707
3420278615
3500874049
3515765995
3543865594
3593696445
3597918052
3652677894
3669716580
3679445001
3725856199
3729629544
3738461441
3811639746
3818384482
3872825623
3940863100
3995269250
3995894358
4069520925
4080474974
4082303013
4084743866
4150634603
4162756592
4208059429
4214874147
4261098096
4272052145
4296637521
4320881499
4354993862
4419706256
4505831201
4506986847
4580165152
4665146745
4681996291
4800985274
4911000505
4939052819
4965112542
5038938652
5111598713
5124722199
5130629990
5276443768
5308351703
5308976811
5312384170
5347385493
5486050719
5487724609
5550349842
5559535431
5635072313
5680728842
5771653217
5778751645
5812699456
5818913654
5826731760
5846706846
5851977235
5895688458
5904248939
6066807290
6087265629
6129574378
6162177403
6170396486
6218057900
6278842800
6305644898
6345819201
6388008792
6443712443
6546039129
6591755237
6607556001
6647670725
6690567700
6695685831
6709080733
6729055819
6747426997
6764383407
6789581597
6861392419
6863432295
6928946643
6972916988
6973482517
6981158768
7023537499
7070008276
7087330672
7101786650
7216329895
7217331392
7264863245
7303209509
7383663088
7395065399
7442656831
7513299713
7523640948
7537165411
7688533288
7713260519
7714368880
7736902086
7761487462
7812072982
7828145162
7859121582
7866904697
7886513797
7902008154
7904837690
7928845243
7934516609
7960753178
7978015995
8023849370
8078786058
8093573031
8121012531
8159605623
8176514748
8214188619
8225426378
8244893623
8254657035
8338836674
8344697180
8405765790
8414869103
8438782086
8438864362
8559385380
8577945698
8582309160
8604618235
8692972196
8765101719
8842701174
8884643937
8890103466
8919747394
8943413549
8976300284
9051698150
9056021891
9060950882
9200751896
9217920143
9234463282
9353180849
9373591903
9376162317
9412964252
9487557325
9491472525
9519323405
9611014743
9623029868
9669948907
9679134496
9696609150
9752312801
9760719133
9795127500
9829618143
9834935817
9840171215
9895391613
9924681849
5834340868
